;victoire;not_lose;home;Poss;age;SoT;Dist;Cmp;Int;Fls;diff_value;repos;Mois;Sh;PK;CrdY;CrdR;card;opp_Sh;coup_arret;opp_fls;CMP;Att;FDD;FDA;DF;DM;FW;GK;MF;score_df_mean;score_mf_mean;score_fw_mean;score_dm_mean;score_gk_mean;AIL;DF2;DM2;GK2;MIL;MO;score_df2_mean;score_mil_mean;score_ail_mean;score_dm2_mean;score_gk2_mean;score_dis;n_form;n;top_GK;top_MF;top_DM;top_DF;top_FW;top_MO;top_AIL;top_MIL;nb_def;nb_opp_def;nb_att;nb_opp_att;nb_mil;nb_opp_mil;diff_avant;diff_def;diff_mil;sup_def
victoire;1.0;0.5718646779206429;0.04603961696433174;0.16309035917636772;0.07564864211065483;0.3774875811421439;-0.10772980701308944;0.19456773109319622;-0.03645256988578675;-0.07847781299724073;0.3914296626748967;0.005568301390120473;0.04466703163020901;0.21049591443189558;0.15124687701819442;-0.09159353619236595;-0.10800875082703065;0.08306259196002333;-0.24068013521590334;-0.1064992944135941;0.013164238597303328;0.22552531210407678;0.20632448640616372;0.16383773733023602;0.23437190499822141;-0.07288575685973361;-0.12650311371684564;0.19769314405284508;0.12164707450151649;0.14455616608258046;-0.11490405384217303;0.24842889421839418;0.2488229868900977;-0.06818662521586487;0.17629740473057662;0.16906609048716179;-0.1116594985323293;-0.006624091528254768;0.12164707450151649;0.18047545290635486;0.13052866596493;-0.1445139832617706;0.12228198285270817;0.06681964777419021;-0.05324271509486875;0.06469439443275377;-0.17386770492159168;-0.015451995673432589;-0.038370786440812925;0.12164707450151649;0.09045748616866811;-0.11490451793199954;-0.03144010819400342;0.21560146128305704;0.10419695012892416;0.16906609048716179;0.1993689845645598;0.05822461326341656;0.005021326584178767;0.027443626576316375;-0.017547859535984787;-0.06405643859105843;0.014585387403537051;0.020568459596845834;0.044879691699921585;-0.054803408516641734;0.05734990129426296
not_lose;0.5718646779206429;1.0;0.04684131334780096;0.13811761693240135;0.10142301709911969;0.2630186159832335;-0.0643109864728863;0.02555595404527443;-0.009850854615870768;-0.013524787852237785;0.3987015614237749;-0.05497691600786302;-0.030801275389321883;0.19325110384586994;0.15646699285213522;-0.05062679053586883;-0.12741675101330774;0.10736457899418729;-0.21666789070686512;-0.06836427360230032;0.06847914161950781;0.10421569581086372;0.1140335291620796;0.12047289354332245;0.20515806390575658;-0.002319694894108937;-0.06317137305385158;0.17251627151829815;0.02472388083250015;0.11884611206625736;-0.041764784707701584;0.2172605936327266;0.20178150877212847;-0.026707628204446644;0.10470610823363519;0.13093970689660145;-0.04348401869472687;0.05755227280256516;0.02472388083250015;0.16476615601279487;0.1026557681042134;-0.10457938093289312;0.06997416354945504;0.00708830478776035;-0.008357894103521089;0.0010600572665715624;-0.20559115287175392;-0.0014870353096225791;-0.03928951523386715;0.02472388083250015;0.09112143702287827;-0.06289452230516401;0.026180889459100895;0.18765031696934983;0.09330495054934246;0.13093970689660145;0.15218020494410847;-0.001674587922690433;-0.04274739126426274;0.037185309987679944;-0.018021406614007453;-0.03735621541807456;0.045807087607417314;0.05229740944375872;0.013849863919930023;-0.05670673129275803;-0.004455572454221061
home;0.04603961696433174;0.04684131334780096;1.0;0.06680340616374376;0.004164149533873536;0.09513713793522355;-0.02328843114679125;0.033385905420275336;0.01779919554526604;-0.1049623948006318;0.012860076586480447;0.0031547555933297655;-0.007553236800608052;0.18922125124534425;-0.019103409907305764;-0.1964930867663337;0.025509667536168956;0.13353173154243128;-0.17893170323708535;-0.07989575170500429;0.078628675056539;0.07510289638233776;0.079144515594397;0.147635774993515;0.195481434839567;-0.01830338889523494;0.014693027017068726;0.006153717363950432;0.011449345211333242;-0.0038931446151186135;0.01316494459870447;-0.010303670866528454;-0.0036359620791662863;0.01508939989846123;0.006187787266020556;0.0031429854105488302;-0.020573555028294187;0.005176331226444096;0.011449345211333242;0.009221912431089342;-0.0004946481686713239;0.028184727998081496;0.010827951515679371;0.005681790103716474;0.013111259924532298;0.010947664335842511;0.007149387913445009;0.019234477229121104;-0.0038997409907449826;0.011449345211333242;-0.009857850879581784;0.018740196337731885;0.0015910190634907965;0.004290701293140346;-0.0019232536736593039;0.0031429854105488302;0.0076878713820089034;0.0365945492706609;-0.06580677596584397;0.0028059653262079327;0.007184832483131275;-0.025351874297652923;0.03505409281172064;0.03479757504399306;0.013321785508956789;-0.04111597078364646;0.02603702572993267
Poss;0.16309035917636772;0.13811761693240135;0.06680340616374376;1.0;0.13754879097789718;0.3584383645114168;-0.06541190063279347;0.5699645376667678;-0.2646996127680024;-0.18112134956077539;0.5502014302971155;-0.0417863087865285;0.02907731021483583;0.5014560481371552;0.07919066385310966;-0.1580930291549699;-0.087804156273528;0.12051542819810232;-0.4829600573683403;-0.2035477545226523;0.09925596257899669;0.835395763140984;0.8792957085808271;0.2658104983892672;0.5503403710973026;-0.13504205869956518;-0.04905622942509543;0.33342838016956616;0.09212902253265791;0.2710107097535099;-0.17483057857549256;0.44665373186243057;0.47344932412205454;-0.07696559772882595;0.11997615270899575;0.2513594920947585;-0.17415645497041887;0.06623009434923023;0.09212902253265791;0.2654483810157122;0.2123949456057105;-0.28445801038886576;0.1891713397849053;0.2069751998059833;-0.0587710504139324;0.041134903551919275;-0.36870929527237734;0.023267973348769788;-0.12223051729336037;0.09212902253265791;0.19602690975531528;-0.04287149240089695;-0.10053579824879923;0.33330644784133134;0.1838554793756089;0.2513594920947585;0.3302712745123444;0.10976704125182112;-0.04859776895281016;0.09179939333681862;-0.10733161541150346;-0.16211431211616073;0.14025096575087448;0.10103990846298912;0.14529012787037687;-0.2072541207659904;0.1446593128263418
age;0.07564864211065483;0.10142301709911969;0.004164149533873536;0.13754879097789718;1.0;0.12999438509312852;-0.04391029862340981;0.16546414145277924;-0.10487713961557753;-0.08815425403362728;0.1654684526382875;-0.047710260209694676;-0.020275956810183796;0.05930530115786863;0.022113600338696693;-0.08636608923034676;-0.08117850277830138;0.007765537369365174;-0.08255608236712815;-0.10640273146585522;-0.015028129264584375;0.23852955359981548;0.23075021375132182;0.09418205594543964;0.08076112897795311;-0.0995829073330417;-0.25407056058233557;0.2645281043653944;0.11207298628441023;0.057253582293981205;-0.027919057159472228;0.23943184785632168;0.3182689524390956;-0.2813647980134513;0.29288442081186933;0.03471007510078536;-0.2516447983894676;-0.19413572191853448;0.11207298628441023;0.6988156384185578;-0.034565851066386;0.151329793334251;0.3195939724642853;-0.0886528968252034;-0.09806653687736222;0.3274825868369874;0.04000965110701866;0.059140807057305775;0.03595060875076984;0.11207298628441023;-0.02397164260708679;-0.25270397637294795;-0.11232766680922282;0.19641363115931176;-0.08268393132899682;0.03471007510078536;0.5883828522377136;0.1507565349390314;0.00032127253510754594;0.031040745341297814;-0.07253626459380345;-0.12454975318093664;0.07344118190460598;0.025905925051777457;0.13835206447959641;-0.13646684529567976;0.10743519708256083
SoT;0.3774875811421439;0.2630186159832335;0.09513713793522355;0.3584383645114168;0.12999438509312852;1.0;-0.20815029586687192;0.32857355235840746;-0.12601066758445342;-0.16815999259102415;0.3673408649484302;-0.0411555260610472;-0.0362558952835772;0.6793057042242748;-0.04105113166340047;-0.1090843243999426;-0.08885545869479286;-0.0021448400348363763;-0.24414787359017634;-0.1446687823264684;-0.12469212277019243;0.3885157517167617;0.37227459988520506;0.18655967814789154;0.5728598297442818;-0.022404953693399905;-0.061849917583457314;0.23991062655242706;0.03299918123422955;0.08912707764164654;-0.07652587390916744;0.2238785109575872;0.26388314542564145;-0.07995363846346278;0.07412676047476828;0.1532587476531331;-0.07950403366969357;0.018172089415910676;0.03299918123422955;0.22659375140678403;0.07502745518503891;-0.07701455184084624;0.1903318339430175;0.10017067472981718;-0.012849201666453057;0.02530800765262527;-0.2755295113288183;0.03213932079939236;-0.030044849940481743;0.03299918123422955;0.06192677810744115;-0.061520229167512666;0.008391064574712611;0.22316386621100293;0.06740536391570033;0.1532587476531331;0.20455457323918058;0.07212940667966707;0.0018295259964063717;0.028154588495846348;-0.09405411716035506;-0.07332269780077315;0.09431819466588352;0.022738936024867654;0.11469820212317132;-0.1142283320190879;0.1025174853303239
Dist;-0.10772980701308944;-0.0643109864728863;-0.02328843114679125;-0.06541190063279347;-0.04391029862340981;-0.20815029586687192;1.0;-0.013821639493792535;-0.0066449867268449855;-0.07763180555826908;-0.18133030939215483;0.05522973003357648;0.03748917484491203;-0.1512829242419149;0.1948189589973092;0.012225773385350996;-0.041665031997626334;-0.0026326931725625643;0.07003038763311419;0.1169317837138541;0.06666521525719948;-0.04277000261402838;-0.048232919685250626;-0.09441136570267716;-0.4041949811310374;-0.0086790295471692;-0.018333526384141693;-0.023232241850017567;0.05489384512587314;-0.042254031378503865;-0.05188214743527277;-0.12245545115267345;-0.10880749340925032;0.06586128189426241;0.008020622817637428;0.10877783414395813;0.033665216696401955;0.008561876053813972;0.05489384512587314;-0.13272140958634218;-0.018791934747819088;0.05002474553311182;-0.03376997630094808;0.07876332014346733;0.09047854989341184;-0.013136900765731438;0.15589071949732466;-0.0348059784928708;0.06475595431330819;0.05489384512587314;-0.07298661607401288;-0.03264370818071857;-0.018028909046140868;-0.03425781183772859;-0.05934251260625843;0.10877783414395813;-0.09958049682234997;0.11994522309908266;-0.03879688885090874;-0.09552711197377133;0.033364730412697455;0.025004092051853364;-0.008908868087864024;-0.06108613397504815;0.035643020680919575;0.02352549819494714;0.027459960774123174
Cmp;0.19456773109319622;0.02555595404527443;0.033385905420275336;0.5699645376667678;0.16546414145277924;0.32857355235840746;-0.013821639493792535;1.0;-0.2902833692068479;-0.3324617578692121;0.31600203076226824;-0.07760183216247371;0.15995169578160648;0.32184442472640834;0.09028092256455829;-0.14769656098375597;-0.05456339187441968;-0.0031300866392710517;-0.24775072203460993;-0.12538005850791537;-0.16900007820238433;0.8334479322034927;0.7360841549412264;0.1597645379442601;0.3399725134493311;-0.1567463425077591;-0.07381308991763938;0.3949548504941596;0.1407944174654624;0.29359166527378927;-0.2155441835566166;0.43865262467046695;0.5326684568997373;-0.08095070720388449;0.18111037003541589;0.31284193361789286;-0.20374001299184474;0.013251726459563799;0.1407944174654624;0.3872202187108406;0.2530039268193884;-0.1867861504769241;0.41994834073250614;0.35274445137360905;0.01250413493754012;0.13156490213404193;-0.19510785750526558;0.03696433468668143;-0.05403778339751401;0.1407944174654624;0.16576371081639282;-0.06058579013852846;-0.12875004330195206;0.3716841784614705;0.22607503781263064;0.31284193361789286;0.4444117743571035;0.2239616501937424;0.13808730200685082;0.04965423153811323;-0.0941714165375908;-0.18868392522359476;0.006750490238777117;-0.0263806685680724;0.19442933754848055;-0.13740422175256944;0.18778960648919582
Int;-0.03645256988578675;-0.009850854615870768;0.01779919554526604;-0.2646996127680024;-0.10487713961557753;-0.12601066758445342;-0.0066449867268449855;-0.2902833692068479;1.0;0.060106928412593234;-0.1568129875612817;0.048058692459958245;-0.054583672718902805;-0.13828705340686423;-0.046021075675791806;0.013591141651087596;0.012418859641413689;-0.0689379110844314;0.09887911779856301;-0.051346616873177056;-0.0628583951838599;-0.2572120140272435;-0.22306731413282946;0.3110001961764736;-0.18573200535590553;0.13610891370671674;0.15402217907031895;-0.12770682362558425;-0.1544416800730269;-0.05379201020609668;0.18871269353363426;-0.10044748175334156;-0.16325310873065255;0.14483853494172827;-0.13898319492055278;-0.13854113517805047;0.1488979001872615;0.13178481169551926;-0.1544416800730269;-0.18806065269415673;-0.05678619715621482;0.013656664760147501;-0.26564632949808875;-0.22788971577146172;0.024802691462125992;-0.16683624796613925;0.0034179652451608983;0.005557205629858669;0.029490675943410958;-0.1544416800730269;0.01753881874186115;0.1564272061980884;0.15078705519931188;-0.08116125323898547;-0.007602826044022542;-0.13854113517805047;-0.2541403303677481;-0.17884033850294268;-0.009894151045917286;-0.013028890539880093;0.014687518967406485;0.12319041040682698;-0.008545371578816153;-0.0060624802467085705;-0.10580440910558372;0.09245553121432024;-0.08560594035682742
Fls;-0.07847781299724073;-0.013524787852237785;-0.1049623948006318;-0.18112134956077539;-0.08815425403362728;-0.16815999259102415;-0.07763180555826908;-0.3324617578692121;0.060106928412593234;1.0;-0.1278596111288742;0.024061086067615315;-0.07134696887840634;-0.19638596189886107;-0.022813780823555313;0.4427460565016386;0.040513240070612556;0.0341491276507162;-0.027480687165806764;0.20305278034367494;-0.052844501228504995;-0.32562915196013026;-0.3019762422819157;-0.3622199231898248;-0.2090005809719984;0.19787504881215162;0.14678267071612877;-0.17569659075676733;-0.11800439086878564;-0.07947388466514331;0.16195951906536232;-0.13303680099852022;-0.22347622914052823;0.049807995673131884;-0.16068633902702772;-0.15409854893619768;0.2186285914334586;0.09870764510181472;-0.11800439086878564;-0.17514822700184685;-0.0700436899618566;0.0051264594967316895;-0.24522603144663727;-0.21595102735334099;-0.04423921588979148;-0.11225369586454274;0.09588061466164312;-0.06454181701979922;-0.04862694302052022;-0.11800439086878564;-0.010995800067336211;0.14674703808271378;0.13628786101343807;-0.16567097251465743;-0.049738205495245776;-0.15409854893619768;-0.19642201409288232;-0.1368965480413847;0.030633147166382154;0.03833352355726631;0.060708495463497186;0.04443466608938722;-0.08135243151413893;0.017086363387657316;-0.12141620479753154;0.08527518467028021;-0.10348146844374057
diff_value;0.3914296626748967;0.3987015614237749;0.012860076586480447;0.5502014302971155;0.1654684526382875;0.3673408649484302;-0.18133030939215483;0.31600203076226824;-0.1568129875612817;-0.1278596111288742;1.0;-0.08562806984131723;0.03668555283319891;0.4484667549151941;0.10290097283408901;-0.16665506095310065;-0.09313127518385658;0.13908837112517636;-0.4258575390867558;-0.1471123443385368;0.06927516394839028;0.466153004808252;0.48652824325610133;0.22670153331817164;0.4870452230087353;0.045706088339416535;-0.028677153973208684;0.41960032915342993;0.15750576156632348;0.2899405642929388;0.04737433364615408;0.47291046494641786;0.5060813733493832;0.045241684884927615;0.31875584854305833;0.3142776827924798;-0.04303793078242899;0.19045717219422026;0.15750576156632348;0.3920684275176054;0.33308503735313716;-0.14508252578438305;0.2063451634857329;0.06501157671460685;0.042941183444721004;0.08884061973574467;-0.4538100862892242;-0.06282397460875233;0.025247948466491362;0.15750576156632348;0.14400805677200573;-0.015463502724226303;0.11549305616850145;0.46944037760450225;0.350559835377378;0.3142776827924798;0.3923483107083442;0.07747105046278399;-0.05086388026420212;-0.029925438534803193;0.029288013132095767;-0.016648540929059232;0.0029958725923578946;-5.290098648390287e-05;0.01669726275265317;-0.013716259444012379;0.045526086674922896
repos;0.005568301390120473;-0.05497691600786302;0.0031547555933297655;-0.0417863087865285;-0.047710260209694676;-0.0411555260610472;0.05522973003357648;-0.07760183216247371;0.048058692459958245;0.024061086067615315;-0.08562806984131723;1.0;-0.16959953276175954;-0.01475407564885625;0.03617278924301991;0.03997461546459159;0.03499642531136152;0.06263678202678064;0.032089840939566835;0.026090123813260962;0.02519517592118853;-0.09099129423928005;-0.08412262350945343;-0.020329007816211723;-0.030012237512519187;0.006687512590540132;0.019569446068181957;-0.06126225972707932;-0.0010587520687641851;-0.05514767535780251;-0.0006293870078976372;-0.08591240758500107;-0.11467645859941465;0.0476311847074249;-0.043910422790573445;-0.010990252017823648;0.023490213558308038;-0.008275449216919578;-0.0010587520687641851;-0.06171060973903696;-0.046445017055989496;0.038041068843396586;-0.04750531201799353;0.03364917842940174;0.034609649920935376;-0.016787376886363198;0.044371088108311606;0.03602892139640325;0.029659698295985696;-0.0010587520687641851;-0.00912907399819789;0.009097998714820222;-0.028286835156816424;-0.08000696021845526;-0.05363280129012775;-0.010990252017823648;-0.052245476504790875;0.032304551066511596;0.0323786615077291;-0.0411948870252172;-0.021401537732813822;0.022699590519494113;0.0008926924788347988;-0.050552590641949835;0.03443420302115718;0.015399376242659999;0.02836616547537719
Mois;0.04466703163020901;-0.030801275389321883;-0.007553236800608052;0.02907731021483583;-0.020275956810183796;-0.0362558952835772;0.03748917484491203;0.15995169578160648;-0.054583672718902805;-0.07134696887840634;0.03668555283319891;-0.16959953276175954;1.0;-0.011499765280846225;0.020388791076802266;-0.028420982394611414;0.0035217833397132043;-0.016864497787988517;-0.01254624930854579;-0.00501293090383549;-0.04983825279035439;0.09991779038912298;0.07749987686621271;0.007295980696384276;-0.017266722444749368;-0.02515506950682112;-0.010584867437251011;0.0252467177304277;-0.011541928493141873;0.022415519241835952;-0.04409991763944472;0.04321449275691183;0.03598412541487224;0.0038340904534068104;-0.017797795605206897;0.03157023695652239;-0.02137461369348847;0.0037005292859783826;-0.011541928493141873;-0.00840833912593084;0.013465853244173818;-0.04213503916012221;-0.002690387409405494;0.019760034450301608;0.0016940792896710537;-0.025258001455600886;-0.004474639424337469;-0.16103037907540166;-0.1049866284658322;-0.011541928493141873;0.01962816821503419;0.008105225348197628;-0.006974436741125311;0.03035827494345248;0.009692014091038419;0.03157023695652239;-3.396910866161312e-05;-0.038803449911088014;0.00376417232677776;0.09896321758735381;0.07040352862469047;-0.07834187981424691;-0.07390489166519357;0.08124181259974494;-0.07789021723970073;-0.006160451656767736;-0.003888839012851517
Sh;0.21049591443189558;0.19325110384586994;0.18922125124534425;0.5014560481371552;0.05930530115786863;0.6793057042242748;-0.1512829242419149;0.32184442472640834;-0.13828705340686423;-0.19638596189886107;0.4484667549151941;-0.01475407564885625;-0.011499765280846225;1.0;-0.00947217472180937;-0.20952802904597276;-0.11978159183427974;0.04614213615748712;-0.3766267924234158;-0.18565818373335524;-0.08690073667550773;0.43851836081272;0.4480444449708713;0.2623393488420523;0.81333721002384;0.049191386658643074;0.0064244243251264195;0.28934567602045047;0.02820583556954707;0.1152582628617966;0.03277250912533434;0.2623166996510431;0.31683088637177925;-0.015593189374355467;0.08525084779104815;0.18181891844454842;-0.009596746799945165;0.12177439400835191;0.02820583556954707;0.15761217755108076;0.14122729636183604;-0.10203241508007045;0.09390663388100917;0.01903522537284681;0.0025172016257097706;-0.022913213285174813;-0.3626651784634516;-0.03253167429187087;0.04495666949724435;0.02820583556954707;0.04521774409289258;0.012723920634513294;0.11564821260996322;0.3083779717934843;0.1561962320667532;0.18181891844454842;0.13712480914977837;0.02201313001866786;0.06109771305687566;-0.055796242285427046;-0.0984815549689772;0.0440866601660216;0.060672266405701544;-0.07697099674860193;0.09203082780474273;-0.00919308678923951;0.07673717670968701
PK;0.15124687701819442;0.15646699285213522;-0.019103409907305764;0.07919066385310966;0.022113600338696693;-0.04105113166340047;0.1948189589973092;0.09028092256455829;-0.046021075675791806;-0.022813780823555313;0.10290097283408901;0.03617278924301991;0.020388791076802266;-0.00947217472180937;1.0;0.0009822034764042312;-0.060478320093829266;0.1393968318216402;-0.08279652000351902;0.07395908048254067;0.03246699744230037;0.08096111721275974;0.06723800898386717;-0.038924652909388534;-0.037144426453438725;-0.06691328675192425;-0.016101164786570994;0.04251893078957666;0.04382599123056303;0.06273858550564214;-0.05917105563238173;0.06291787331152346;0.055627279581516816;0.016071904233930945;0.060304341433878125;0.04045956120138255;-0.06795596944934977;-0.003502686212891471;0.04382599123056303;0.04499801865032372;0.06844156286383848;-0.020749682421896048;0.04812951045878536;0.02858254201096276;0.04073773121989318;0.06826075629585769;-0.04139946841859623;0.05768438240191398;-0.037213691693483236;0.04382599123056303;0.019103409907305947;-0.008462797184560906;-0.05494447182069853;0.03142382235202273;0.04618657631893939;0.04045956120138255;0.08019931812316179;0.007355254405617944;-0.0018367662550520865;0.02602421222122407;-0.03351575254764697;-0.031376368111978636;0.03521142978783148;0.02275751156081824;0.031248883365739152;-0.04546454243123726;-0.04321370988041108
CrdY;-0.09159353619236595;-0.05062679053586883;-0.1964930867663337;-0.1580930291549699;-0.08636608923034676;-0.1090843243999426;0.012225773385350996;-0.14769656098375597;0.013591141651087596;0.4427460565016386;-0.16665506095310065;0.03997461546459159;-0.028420982394611414;-0.20952802904597276;0.0009822034764042312;1.0;0.29286851509630585;0.08848955646725931;0.0825843698315203;0.2552195765848394;0.0861991878174747;-0.23297265788690222;-0.24337488977060412;-0.31960266422076333;-0.14406324403198958;-0.0009611170939331114;0.0969465897641484;-0.15671488568058894;-0.0600770586610649;-0.13665558570269548;-0.0028430306998138643;-0.13940410962635402;-0.12861550223845142;0.06121162466254178;-0.09627608861370533;-0.11673242889228719;0.030159544810880266;0.038628398266484405;-0.0600770586610649;-0.12754042222884132;-0.12673057998161366;0.021103171196863366;-0.072565523052666;-0.08350812961923519;0.028620199750305556;-0.057815923553249084;0.10437805688836592;0.01151622613235814;-0.04419152940192481;-0.0600770586610649;-0.09614359691785397;0.09628836928539762;-0.0030203632470744137;-0.15373368125307466;-0.10299733369868175;-0.11673242889228719;-0.13886256821841564;-0.05534971150344382;0.011688653614102918;0.05752702503269121;0.03666747171831599;-0.02541693631222294;-0.04475149664557204;0.04254203774921122;-0.058997516491439445;0.011783424764288331;-0.06801763682870446
CrdR;-0.10800875082703065;-0.12741675101330774;0.025509667536168956;-0.087804156273528;-0.08117850277830138;-0.08885545869479286;-0.041665031997626334;-0.05456339187441968;0.012418859641413689;0.040513240070612556;-0.09313127518385658;0.03499642531136152;0.0035217833397132043;-0.11978159183427974;-0.060478320093829266;0.29286851509630585;1.0;0.05060144237271084;0.07403160685821385;0.17981925511240002;-0.025608546981328507;-0.09074873545018917;-0.10388666774604377;-0.16512708996407857;-0.09932690355809642;-0.07362986550939968;0.008512527498627343;-0.10535333313409458;0.033979641171720934;-0.07512045474044193;-0.08999749028927832;-0.08539976325309523;-0.0674530364715176;0.037079842388525144;0.006977578671429229;-0.053849784375053826;-0.04627292300753882;-0.03981179770605417;0.033979641171720934;-0.06122578380530197;-0.06295333844783023;0.00028035116809408897;0.015722082368163033;0.022940775042246068;0.025142221552752368;0.03950044528949551;0.04949522150032805;0.0290456809068833;-0.006330332173857959;0.033979641171720934;-0.06273750264012642;0.017085771227563547;-0.08666512011873043;-0.10879275545937997;-0.062064879495279106;-0.053849784375053826;-0.03335620981142895;0.04707751809677097;0.033926310860222526;0.0009410942706701831;-0.012596172559622;-0.029859551102815882;-0.009043589200126016;-0.015934793098844154;0.03498627829925705;-0.015035960223382971;0.012898360219194747
card;0.08306259196002333;0.10736457899418729;0.13353173154243128;0.12051542819810232;0.007765537369365174;-0.0021448400348363763;-0.0026326931725625643;-0.0031300866392710517;-0.0689379110844314;0.0341491276507162;0.13908837112517636;0.06263678202678064;-0.016864497787988517;0.04614213615748712;0.1393968318216402;0.08848955646725931;0.05060144237271084;1.0;-0.1565390082486046;0.004977791792454795;0.3609742422066757;0.008531687414464214;0.011056909810654955;0.01588600948958187;0.21809614848944073;0.0018813968212061394;0.005161156674955577;-0.00879211923338424;0.08752462828097386;0.0449921513840498;-0.027265720757112786;0.02814784791526656;0.06243987194367406;-0.012642246231841143;0.08283249860242253;0.0210273883540065;0.016630663436172876;0.016440252476929824;0.08752462828097386;0.01989801737188094;0.061996991582601524;-0.029011364491164718;0.07652497334882617;0.02032413323874372;0.016592157929184972;0.0961619462674525;-0.0389655549193156;-0.011559177534375952;-0.046848636991425954;0.08752462828097386;-0.027186251150290823;0.006768831049524;-0.031113923834323185;-0.005642933609121833;0.05004621472125724;0.0210273883540065;0.06265481418617398;0.055041227860069444;-0.04100848773252072;0.0395639448777293;0.04282255444274351;-0.07461397697120326;-0.01708839595087299;0.05343745696633352;-0.00612831082102112;-0.041227816543204364;0.027614643568805455
opp_Sh;-0.24068013521590334;-0.21666789070686512;-0.17893170323708535;-0.4829600573683403;-0.08255608236712815;-0.24414787359017634;0.07003038763311419;-0.24775072203460993;0.09887911779856301;-0.027480687165806764;-0.4258575390867558;0.032089840939566835;-0.01254624930854579;-0.3766267924234158;-0.08279652000351902;0.0825843698315203;0.07403160685821385;-0.1565390082486046;1.0;0.22139845031088531;-0.13416183146065971;-0.4242003321432134;-0.4529340863218554;-0.44659713083744024;-0.4179336966476042;-0.034920048553051086;0.0189438547622722;-0.11536193216555717;-0.051708695296177574;-0.09947355436124557;0.05318850520339184;-0.24989545371425953;-0.27160644811737517;0.07577429978226892;-0.12096771758660749;-0.0636692318177537;-0.006619253648776365;-0.10662142076319424;-0.051708695296177574;-0.13254821932467425;-0.10200108547324603;0.1986248114109139;-0.0337133759796356;0.05455921033082813;0.05574547791202518;-0.04410701723972191;0.1926732576891923;0.06032610881334596;0.09865727861215322;-0.051708695296177574;-0.03849562013247316;0.0058363178100590205;-0.04109127644598768;-0.14934064099453495;-0.108686448268388;-0.0636692318177537;-0.16661266807421254;0.020751296084434736;-0.009785368603983139;-0.09065991089120921;-0.027866627576681752;0.08084828109771872;0.034590940892201966;-0.0713013558462561;0.033658237290755566;0.03400814410628796;0.014142224481686366
coup_arret;-0.1064992944135941;-0.06836427360230032;-0.07989575170500429;-0.2035477545226523;-0.10640273146585522;-0.1446687823264684;0.1169317837138541;-0.12538005850791537;-0.051346616873177056;0.20305278034367494;-0.1471123443385368;0.026090123813260962;-0.00501293090383549;-0.18565818373335524;0.07395908048254067;0.2552195765848394;0.17981925511240002;0.004977791792454795;0.22139845031088531;1.0;-0.11796890320930102;-0.21663251604957384;-0.23517472331280118;-0.8909591986419523;-0.25943617010676656;-0.007783817684382836;0.0889598355978381;-0.09021346794804193;-0.020137988084437192;-0.028668421933516985;0.10706885329623947;-0.10656833761854441;-0.14065333880105715;0.10057039834084021;-0.08730988736229689;-0.08978876908808078;0.009438468980647693;-0.01923591027789128;-0.020137988084437192;-0.09528930490286529;-0.018857834660288973;0.09580369625261323;-0.03941310936676835;-0.048509194096027164;0.034194328994155;-0.02416356444415986;0.07027118615401433;-0.006328887043029886;0.011322983117294344;-0.020137988084437192;-0.002945937974578861;0.09906483802851725;-0.014905122970848292;-0.0952215121374765;0.0005889372934872528;-0.08978876908808078;-0.12377266113318501;0.00510973440033242;0.03284375891769306;-0.03539776507813706;0.014017087529921698;0.0334031528749239;-0.035368054391421225;-0.04591414481486807;-0.008775576006903357;0.04699629919922913;-0.011247118908313381
opp_fls;0.013164238597303328;0.06847914161950781;0.078628675056539;0.09925596257899669;-0.015028129264584375;-0.12469212277019243;0.06666521525719948;-0.16900007820238433;-0.0628583951838599;-0.052844501228504995;0.06927516394839028;0.02519517592118853;-0.04983825279035439;-0.08690073667550773;0.03246699744230037;0.0861991878174747;-0.025608546981328507;0.3609742422066757;-0.13416183146065971;-0.11796890320930102;1.0;-0.1084034793458192;-0.07013409028807654;0.12429384290798434;0.3903390571750584;-0.06173469185346748;-0.04517994702193872;-0.028169845532060048;0.13838315562839099;-0.052803669858739986;-0.03775431282545081;-0.04368739189578432;0.03306950953795648;0.007423544266604288;0.10986358146228019;0.05022656498232603;-0.029306160548650963;-0.008978676891258718;0.13838315562839099;-0.06824826569034441;0.005317836794122192;0.015161166502777976;-0.0030829814106632394;0.04585717399881722;0.04983630984437757;0.09108130755302267;0.05700764269041969;-0.04454259806525141;-0.05175486661136277;0.13838315562839099;-0.13386485997915712;-0.04216090374921566;-0.0585396242147417;-0.015446300710486853;-0.005944583812893732;0.05022656498232603;0.003909030469169706;0.041351865904922;-0.13756539518236516;0.05102292533676948;0.07327104683939947;-0.07804209183714361;0.01413432600236637;0.11066001627753456;-0.038192653277570834;-0.06435690157156909;-0.040088562463374354
CMP;0.22552531210407678;0.10421569581086372;0.07510289638233776;0.835395763140984;0.23852955359981548;0.3885157517167617;-0.04277000261402838;0.8334479322034927;-0.2572120140272435;-0.32562915196013026;0.466153004808252;-0.09099129423928005;0.09991779038912298;0.43851836081272;0.08096111721275974;-0.23297265788690222;-0.09074873545018917;0.008531687414464214;-0.4242003321432134;-0.21663251604957384;-0.1084034793458192;1.0;0.9843832252440761;0.29362462214157226;0.43774122327011883;-0.19286864277262947;-0.08000454920615675;0.410638801092359;0.10461524357007802;0.3760143098620629;-0.18912174916413765;0.5031375060764495;0.5598892537615732;-0.10324742516817062;0.17720475825077378;0.2871708355503523;-0.24410061816025455;0.011359960374132125;0.10461524357007802;0.41287090519682906;0.3020954199407575;-0.20896702940134573;0.37336312962276086;0.31514778793182874;-0.017105878937128827;0.12867529431456354;-0.3136053424823483;0.027726834354739816;-0.08809860308217386;0.10461524357007802;0.2351990554847088;-0.0719056641920208;-0.1448682858771067;0.39284026908010705;0.27019566175597015;0.2871708355503523;0.47490912024959697;0.19397669174530816;0.045760830893321044;0.0780623246140021;-0.0893468981507773;-0.19960797302087532;0.0612674524866256;0.04298820593690177;0.17475948653647075;-0.18126815152165107;0.1694300636593872
Att;0.20632448640616372;0.1140335291620796;0.079144515594397;0.8792957085808271;0.23075021375132182;0.37227459988520506;-0.048232919685250626;0.7360841549412264;-0.22306731413282946;-0.3019762422819157;0.48652824325610133;-0.08412262350945343;0.07749987686621271;0.4480444449708713;0.06723800898386717;-0.24337488977060412;-0.10388666774604377;0.011056909810654955;-0.4529340863218554;-0.23517472331280118;-0.07013409028807654;0.9843832252440761;1.0;0.3220165150240501;0.4485856566009884;-0.184460106002166;-0.06626050734204107;0.38518735240076196;0.07718476556843247;0.37417529535889116;-0.16657175545545422;0.49802589561319105;0.5351825456907864;-0.09619486198508242;0.15466531720801835;0.2567188625784376;-0.2328395330817145;0.02387751880691018;0.07718476556843247;0.3846984606047536;0.29315583571943926;-0.21943927893952267;0.3180379951339438;0.2760767705602217;-0.03046426801115556;0.10126782976931162;-0.3339790804281171;0.02307346723941096;-0.10178453450873595;0.07718476556843247;0.2479962863635565;-0.05987101370970116;-0.13306689613201106;0.375552435110587;0.26773919895315323;0.2567188625784376;0.4420123349105323;0.16129046812449654;0.01127226583155938;0.0888017915692401;-0.08227014306105941;-0.19063636126306396;0.07627687889034804;0.0690081180093923;0.15183217185262513;-0.1849054170332988;0.1501543063003929
FDD;0.16383773733023602;0.12047289354332245;0.147635774993515;0.2658104983892672;0.09418205594543964;0.18655967814789154;-0.09441136570267716;0.1597645379442601;0.3110001961764736;-0.3622199231898248;0.22670153331817164;-0.020329007816211723;0.007295980696384276;0.2623393488420523;-0.038924652909388534;-0.31960266422076333;-0.16512708996407857;0.01588600948958187;-0.44659713083744024;-0.8909591986419523;0.12429384290798434;0.29362462214157226;0.3220165150240501;1.0;0.3191525050099003;0.013419451766156158;-0.05906747189357396;0.10578059736739377;0.0104576295661971;0.05492198779728729;-0.07618915560051544;0.15937859433855514;0.19347335968606402;-0.06585744825127836;0.09822982310630882;0.08052229153493541;-0.009424082753774411;0.0668864948413169;0.0104576295661971;0.09576366369065012;0.04512121900863217;-0.1323142857135045;0.014080444300178187;-0.0019498032437613075;-0.02519961839789576;0.005795150095709496;-0.13582355048695796;0.0026873320578606127;-0.01897631209118363;0.0104576295661971;0.022605015348870532;-0.06178328665743379;0.039987446458305875;0.13275934109781118;0.0433558812118087;0.08052229153493541;0.11214444067750864;-0.03489842345722254;-0.03212842841839532;0.04231605595968183;-0.01145536885595018;-0.022265219632671418;0.03230673460992797;0.05137065419949538;-0.008942036677954977;-0.03711878308539422;0.0012918957570675048
FDA;0.23437190499822141;0.20515806390575658;0.195481434839567;0.5503403710973026;0.08076112897795311;0.5728598297442818;-0.4041949811310374;0.3399725134493311;-0.18573200535590553;-0.2090005809719984;0.4870452230087353;-0.030012237512519187;-0.017266722444749368;0.81333721002384;-0.037144426453438725;-0.14406324403198958;-0.09932690355809642;0.21809614848944073;-0.4179336966476042;-0.25943617010676656;0.3903390571750584;0.43774122327011883;0.4485856566009884;0.3191525050099003;1.0;-0.01974206829620111;-0.02545451251710535;0.2813943442068797;0.09901067767334268;0.12608770780168235;-0.0165546207154708;0.2930152602960686;0.3853893512291718;-0.04368394919106145;0.149706920822531;0.1831827938473716;-0.06950505934132759;0.0865113297250137;0.09901067767334268;0.1959955162404192;0.1602372923211525;-0.11857631220550219;0.1552443768758305;0.07555610308608715;0.00029488022308756727;0.056866703789005324;-0.32863584371576743;-0.029186320420170594;-0.023053838638076776;0.09901067767334268;0.019298186495684447;-0.012209655771470027;0.039821361055433865;0.30151251757669856;0.1739816948767696;0.1831827938473716;0.21682616314906783;0.03911976172453774;0.0133677678610026;0.023661832205144367;-0.06442797676959354;-0.048429468210653165;0.05681273795415857;0.013278327654094868;0.07317254095507378;-0.07180916893255965;0.062168106230490607
DF;-0.07288575685973361;-0.002319694894108937;-0.01830338889523494;-0.13504205869956518;-0.0995829073330417;-0.022404953693399905;-0.0086790295471692;-0.1567463425077591;0.13610891370671674;0.19787504881215162;0.045706088339416535;0.006687512590540132;-0.02515506950682112;0.049191386658643074;-0.06691328675192425;-0.0009611170939331114;-0.07362986550939968;0.0018813968212061394;-0.034920048553051086;-0.007783817684382836;-0.06173469185346748;-0.19286864277262947;-0.184460106002166;0.013419451766156158;-0.01974206829620111;1.0;0.4126383710473447;-0.041853403177042524;-0.47430572159067474;-0.22602164677660982;0.5716308724823292;-0.19808728948873483;-0.1633814819091033;0.01280323730783155;-0.3996415012125357;-0.08267354835392735;0.9505263498206145;0.5427617334871825;-0.47430572159067474;-0.14577551607980815;-0.14039353202204022;0.06798388026612405;-0.3514566386998816;-0.3363010626830271;-0.009559763439872176;-0.4445124760964596;0.03522866082327832;-0.016701655413290075;0.166008761261916;-0.47430572159067474;-0.08409727444982236;0.39392297703967993;0.8706476525994439;0.00463915259657802;-0.018150822031564578;-0.08267354835392735;-0.31543971217527017;-0.21849390893823178;-0.027863487218977336;-0.1632360688334117;0.04111739644932398;0.30257133630266353;-0.023816387971382382;-0.1233299738779184;-0.148202598547592;0.22895864401503394;-0.12554053332520235
DM;-0.12650311371684564;-0.06317137305385158;0.014693027017068726;-0.04905622942509543;-0.25407056058233557;-0.061849917583457314;-0.018333526384141693;-0.07381308991763938;0.15402217907031895;0.14678267071612877;-0.028677153973208684;0.019569446068181957;-0.010584867437251011;0.0064244243251264195;-0.016101164786570994;0.0969465897641484;0.008512527498627343;0.005161156674955577;0.0189438547622722;0.0889598355978381;-0.04517994702193872;-0.08000454920615675;-0.06626050734204107;-0.05906747189357396;-0.02545451251710535;0.4126383710473447;1.0;-0.013966735644935146;-0.26276052993215443;-0.08320203452251847;0.407928717724585;-0.12293160602081832;-0.021345690342758124;0.6788153239051289;-0.34341620909970616;-0.05891325651944665;0.458017611831125;0.7957137850208934;-0.26276052993215443;-0.2791899091463412;0.013022698689830033;-0.013885097248568457;-0.24626924776123496;-0.19037291871357215;0.34690184179334976;-0.2886963135641505;0.014761356269410435;0.03271233679007013;-0.031143747304092625;-0.26276052993215443;-0.09887605744649917;0.978217090697762;0.41431836019161306;0.012697859566062258;0.15348987023754382;-0.05891325651944665;-0.33217170238219873;-0.013699007543630126;-0.04160168458425725;-0.02308317619489973;0.005469900653775965;0.032233252846524;0.021218456372309843;0.0011263303857735885;-0.011655394375700243;0.00863106416082632;-0.024730502072305656
FW;0.19769314405284508;0.17251627151829815;0.006153717363950432;0.33342838016956616;0.2645281043653944;0.23991062655242706;-0.023232241850017567;0.3949548504941596;-0.12770682362558425;-0.17569659075676733;0.41960032915342993;-0.06126225972707932;0.0252467177304277;0.28934567602045047;0.04251893078957666;-0.15671488568058894;-0.10535333313409458;-0.00879211923338424;-0.11536193216555717;-0.09021346794804193;-0.028169845532060048;0.410638801092359;0.38518735240076196;0.10578059736739377;0.2813943442068797;-0.041853403177042524;-0.013966735644935146;1.0;0.17385071352871811;0.43681450472570377;0.07388943933804411;0.5863548772026235;0.7302512247541443;0.06113088861369341;0.1701801618649968;0.728253830938995;-0.18773774559555487;0.12191301128442872;0.17385071352871811;0.3514171377781458;0.49989459667303504;-0.053691242243179296;0.34495626195768814;0.26973876711568484;0.10705795432780156;0.01940036055554133;0.002633539324607652;-0.006499257767656589;0.21160482426074181;0.17385071352871811;0.1384200483907084;-0.00014509588554350938;0.14816238663360126;0.938688642782009;0.4135293822220542;0.728253830938995;0.32233269581121426;0.15667091666454663;0.022809580033514694;-0.2195382104019901;-0.02169033961660874;0.13047611617635263;0.00734397008311319;-0.19558661668319496;0.09989978157632474;0.08704680331430885;0.1153270347424939
GK;0.12164707450151649;0.02472388083250015;0.011449345211333242;0.09212902253265791;0.11207298628441023;0.03299918123422955;0.05489384512587314;0.1407944174654624;-0.1544416800730269;-0.11800439086878564;0.15750576156632348;-0.0010587520687641851;-0.011541928493141873;0.02820583556954707;0.04382599123056303;-0.0600770586610649;0.033979641171720934;0.08752462828097386;-0.051708695296177574;-0.020137988084437192;0.13838315562839099;0.10461524357007802;0.07718476556843247;0.0104576295661971;0.09901067767334268;-0.47430572159067474;-0.26276052993215443;0.17385071352871811;1.0;0.09182936803155826;-0.20917628839826716;0.11392582854278174;0.2479428793722902;0.11085733995435124;0.8209215615015671;0.43720592794863355;-0.41611668859516404;-0.2027890952272599;1.0;-0.004142758563462846;0.28660466603347134;-0.10375132575545044;0.13182546696583605;0.08540719469929821;-0.08532968556824085;0.5872774423639124;-0.03408659680181783;0.004652381897045971;0.0789068880210168;1.0;-0.33087872156777837;-0.2623815103490674;-0.4830328047736784;0.22179734992653094;0.146001482051143;0.43720592794863355;0.26147646945891123;0.4144784428052026;-0.001962618273774289;-0.11309679682484663;0.00015746219737481585;-0.13759404701319985;0.0011031403503153816;-0.09399763350159998;0.21726323449246882;-0.09766535392181817;0.19444343306739578
